                16,  500000
                32,  500000
                64,  500000
               128,  500000
               256,  500000
               512,  500000
              1024,    1000
          2 * 1024,    1000
          4 * 1024,    1000
          8 * 1024,    1000
         16 * 1024,    1000
         32 * 1024,     500
         64 * 1024,     500
        128 * 1024,     500
        256 * 1024,     500
        512 * 1024,     500
       1024 * 1024,     100
   2 * 1024 * 1024,     100
   4 * 1024 * 1024,      50
   8 * 1024 * 1024,      50
  16 * 1024 * 1024,      50